es100-res
0.28 693.4
0.27 683.0
0.27 655.0
0.27 612.2
0.27 573.1
0.27 528.4
0.28 312.7
0.25 1.3

es500-res
0.69 266.7
0.69 248.2
0.69 207.7
0.69 169.2
0.69 129.8
0.69 88.4
0.5 1.4
0.25 2.4

es1000-res
0.87 204.1
0.87 185.7
0.87 146.7
0.87 107.6
0.86 69.3
0.87 29.5
0.5 2.4
0.25 4.5

es5000-res
1.11 384.5
1.11 338.8
1.11 241.4
1.1 147.3
1.1 51.3
0.99 6.0
0.5 11.0
0.25 21.1

es10000-res
1.14 748.1
1.14 657.4
1.13 464.3
1.13 270.3
1.13 80.3
0.99 11.6
0.5 21.7
0.25 41.6

es20000-res
1.14 1498.0
1.14 1311.0
1.14 926.6
1.13 542.4
1.13 158.4
0.99 23.2
0.5 43.0
0.25 82.6

