es100-res
0.29 664.0
0.29 632.0
0.3 586.4
0.3 544.4
0.3 500.9
0.3 463.8
0.3 259.3
0.25 1.1

es500-res
0.89 202.3
0.87 188.3
0.89 143.6
0.88 105.2
0.88 65.8
0.89 25.4
0.5 1.4
0.25 2.4

es1000-res
1.2 143.5
1.31 111.2
1.31 71.4
1.3 33.0
1.24 1.9
0.99 1.7
0.5 2.5
0.25 4.5

es5000-res
1.66 237.3
1.67 193.8
1.67 95.6
1.64 5.9
1.24 5.1
0.99 6.1
0.5 11.2
0.25 21.2

es10000-res
1.65 484.6
1.66 391.2
1.64 201.3
1.62 17.5
1.24 10.1
0.99 12.1
0.5 22.1
0.25 41.9

es20000-res
1.65 965.6
1.64 798.9
1.63 412.1
1.62 36.2
1.24 20.3
0.99 24.3
0.5 44.0
0.25 83.6

