es100-res
0.28 689.6
0.27 686.5
0.27 646.5
0.28 595.3
0.28 551.2
0.27 524.3
0.27 333.2
0.25 1.1
0.17 0.9
0.12 1.1
0.1 1.4
0.07 2.0
0.05 2.5

es500-res
0.7 257.8
0.71 239.2
0.71 199.9
0.71 159.9
0.71 119.9
0.71 81.0
0.5 1.4
0.25 2.4
0.17 3.4
0.12 4.5
0.1 5.5
0.07 8.1
0.05 11.0

es1000-res
0.86 206.4
0.86 189.0
0.86 149.3
0.86 109.3
0.87 69.6
0.86 30.8
0.5 2.5
0.25 4.5
0.17 6.5
0.12 8.6
0.1 11.0
0.07 16.0
0.05 20.9

es5000-res
1.01 431.1
1.01 385.2
1.01 285.8
1.0 190.4
1.0 97.8
0.99 6.8
0.5 11.6
0.25 21.6
0.17 31.6
0.12 41.5
0.1 51.4
0.07 76.2
0.05 101.2

es10000-res
1.03 832.5
1.03 747.1
1.04 545.2
1.03 355.1
1.03 159.8
0.99 12.3
0.5 22.3
0.25 42.2
0.17 62.0
0.12 81.8
0.1 101.7
0.07 151.3
0.05 200.9

es20000-res
1.02 1691.5
1.02 1512.6
1.02 1119.6
1.02 735.4
1.01 355.1
0.99 24.4
0.5 44.2
0.25 83.8
0.17 123.4
0.12 163.1
0.1 202.8
0.07 301.9
0.05 401.0

