es100-res
0.31 625.1
0.33 553.4
0.33 525.0
0.33 484.4
0.33 437.2
0.33 402.0
0.33 204.0
0.25 0.7
0.17 0.9
0.12 1.1
0.1 1.3
0.07 1.8
0.05 2.4

es500-res
1.32 128.7
1.32 110.7
1.31 71.6
1.31 32.0
1.24 1.5
1.0 0.9
0.5 1.3
0.25 2.3
0.17 3.4
0.12 4.4
0.1 5.4
0.07 8.0
0.05 10.9

es1000-res
1.95 80.6
1.95 61.9
1.95 22.5
1.66 1.3
1.24 1.2
0.99 1.4
0.5 2.3
0.25 4.4
0.17 6.4
0.12 8.4
0.1 10.9
0.07 15.7
0.05 20.8

es5000-res
3.99 70.9
3.96 25.7
2.48 2.7
1.66 3.6
1.24 4.6
1.0 5.6
0.5 10.8
0.25 20.7
0.17 30.6
0.12 40.6
0.1 50.5
0.07 75.4
0.05 100.2

es10000-res
4.44 114.9
4.44 25.3
2.48 4.9
1.66 7.0
1.24 8.9
1.0 11.0
0.5 21.1
0.25 40.9
0.17 60.7
0.12 80.6
0.1 100.4
0.07 150.0
0.05 199.6

es20000-res
4.56 218.2
4.6 34.1
2.48 9.8
1.66 13.9
1.24 17.9
1.0 21.8
0.5 41.6
0.25 81.3
0.17 120.9
0.12 160.6
0.1 200.4
0.07 299.3
0.05 398.5

