es100-res
0.33 570.9
0.33 552.6
0.33 512.1
0.33 472.9
0.33 441.5
0.31 437.4
0.33 202.3
0.25 0.7
0.17 0.9
0.12 1.1
0.1 1.3
0.07 1.9
0.05 2.4

es500-res
1.22 140.7
1.22 122.2
1.22 82.5
1.22 43.1
1.22 3.3
0.99 1.2
0.5 1.3
0.25 2.3
0.17 3.4
0.12 4.4
0.1 5.4
0.07 8.0
0.05 10.9

es1000-res
1.93 81.0
1.95 61.4
1.95 22.1
1.66 1.6
1.24 1.3
0.99 1.4
0.5 2.4
0.25 4.4
0.17 6.4
0.12 8.4
0.1 10.8
0.07 15.7
0.05 20.8

es5000-res
4.23 63.0
4.19 19.4
2.49 2.6
1.66 3.6
1.25 4.6
1.0 5.6
0.5 10.8
0.25 20.7
0.17 30.7
0.12 40.6
0.1 50.6
0.07 75.4
0.05 100.3

es10000-res
4.6 106.2
4.65 15.9
2.48 4.9
1.66 6.9
1.25 8.9
1.0 10.9
0.5 21.0
0.25 40.9
0.17 60.7
0.12 80.6
0.1 100.4
0.07 150.0
0.05 199.7

es20000-res
4.79 199.2
4.76 19.4
2.48 9.6
1.66 13.8
1.25 17.8
1.0 21.7
0.5 41.5
0.25 81.2
0.17 120.8
0.12 160.5
0.1 200.1
0.07 299.3
0.05 398.4

