es100-res
0.27 698.3
0.27 684.6
0.27 655.0
0.27 608.4
0.27 562.0
0.27 523.5
0.27 325.7
0.25 1.0
0.17 0.9
0.12 1.3
0.1 1.4
0.07 2.0
0.05 2.5

es500-res
0.68 268.0
0.68 249.1
0.68 209.5
0.68 171.7
0.69 128.6
0.69 88.7
0.5 1.4
0.25 2.4
0.17 3.5
0.12 4.5
0.1 5.5
0.07 8.0
0.05 11.0

es1000-res
0.83 215.3
0.84 194.8
0.83 156.4
0.84 114.8
0.83 78.2
0.84 37.1
0.5 2.6
0.25 5.9
0.17 6.6
0.12 8.6
0.1 11.0
0.07 15.8
0.05 20.9

es5000-res
0.98 443.8
0.97 400.3
0.99 294.0
0.98 203.4
0.98 104.3
0.98 8.7
0.5 11.9
0.25 21.8
0.17 32.6
0.12 41.7
0.1 51.7
0.07 76.6
0.05 101.3

es10000-res
1.09 788.2
1.1 689.3
1.09 496.8
1.09 305.5
1.07 128.6
0.99 12.2
0.5 22.2
0.25 42.1
0.17 61.9
0.12 81.7
0.1 101.6
0.07 151.1
0.05 200.8

es20000-res
1.07 1615.4
1.06 1436.8
1.06 1048.7
1.05 675.2
1.06 278.6
0.99 24.3
0.5 44.1
0.25 83.7
0.17 123.3
0.12 163.0
0.1 202.6
0.07 301.7
0.05 400.9

